001d92fc29146e01e0ffa619e5dbf23067f1e814 [78, 95, 96, 97, 605]
00aaa01030cb7254a0ba30e9e62516f8690b9e3b [109, 236, 335, 605, 607, 608, 623, 625]
00d3f97d86825dd7eae67b8cae2eda407cc9e0f3 [78, 95, 96, 97, 605]
011566dea36212d4923d71f3ed5e76e9baeb992a [78, 95, 96, 97, 236, 335, 605]
013f3d5c17e3bbdce85c457c55a71015e96603bd [78, 95, 96, 97, 236, 335, 605]
01809300a862b690d6ce8186a9fe0cea80a0ac8b [109, 236, 335, 605, 607, 608, 623, 625]
013f3d5c17e3bbdce85c457c55a71015e96603bd [78, 95, 96, 97, 236, 335, 605]
033ce74489aceba7e9372d5cb9d73e7584a546c8 [95, 96, 97, 605]
03a405e176256144a60487eabfd66e0b3b42ffd0 [95, 96, 97, 605]
041cc7d14f46dcb24813223ed756e736e671f7db [236, 335, 605]
041fa1b7a9752c1099fcf077b79e17787ebd58bb [109, 236, 335, 605, 607, 608, 623, 625]
043e78963ac7b4583e46c68db3a67101acd0763b [605, 607, 635, 2666, 4987]
060858e560920fe84c6463e9bd36b00434d6560d [78, 95, 96, 97, 605]
0650b1851ac658e2ed5577acf8b5e994ada14aaf [95, 96, 97, 605]
06b8d55cd9aa72bba877273531b923e416dd7c07 [236, 335, 605]
06cff45f840afe9c76e1f6f311eee22e0ec466f0 [78, 95, 96, 97, 605]
06de1964ed1bc0205856f7fff1bd0af91d7d63f6 [95, 96, 97, 605]
074e19834c0abf31911f672cac2ddebbcd03e78c [95, 96, 97, 605]
07bf5b51b8ecc137ae6a43a3fc9ca5b3ca60f6d5 [78, 95, 96, 97, 605]
09104bb72e65d01c3b1f71d0f7917c3f157b11f7 [236, 335, 605]
0919a65814808ee5a52591fe360a3b0fa8bfa82c [236, 335, 605]
091c91c186c72428614fe298ebcbc037e231641f [109, 236, 335, 605, 607, 608, 623, 625]
0941bd7bcbe57cc0c66e277050d3d78353773c49 [78, 95, 96, 97, 605]
0aa27a04a6059bf3f36945843f5d6152f5a3bc00 [95, 96, 97, 605]
0bdffb18e6bbbf4a3e494e568912f0b74e4f3e31 [95, 96, 97, 605]
0ccc52a18b907d15ad3583298e477937d5c05765 [78, 95, 96, 97, 236, 335, 605]
0d20984290f080d185db54936df47b730ee85e10 [78, 95, 96, 97, 605]
12c66a5be17dde3601f10168ab5cc4bc18c2bd21 [95, 96, 97, 605]
1311159df9d079425a95306aa143a634f85422d8 [95, 96, 97, 605]
132d3c9c1f28d10f626fdedf089bd9ceff63d200 [95, 96, 97, 605]
152e787cb2abd181a1bdd9414544bcf9f5079e15 [78, 95, 96, 97, 605]
15a1c5c9e00f2cf2813038aa495b8c445363bf2b [95, 96, 97, 605]
16d39d2fda1837d4d6ad33259052c60d189a0502 [236, 335, 605]
17684a91855432bbc451f278747f15197ebdbdb8 [78, 95, 96, 97, 605]
18b5b307c2b631310bed877b55e7bc896bdfe512 [109, 236, 335, 605, 607, 608, 623, 625]
19003c4e93c496be27e55969ab4b683f273feb99 [95, 96, 97, 605]
195ada0ab86a454d0e64ce1a2fcfe88b24133ff6 [78, 95, 96, 97, 605]
19cede35541a7816015860b4c122e8444461e731 [236, 335, 605]
19f038716e17dab308d85925f2755b5bc8f72a2d [78, 95, 96, 97, 236, 335, 605]
1a01138adb4ab5040a5139ee70675a37c53e2334 [109, 236, 335, 605, 607, 608, 623, 625]